   8.1878000e-02  -1.1523000e-01   2.1624960e+00   7.3585876e+02   3.5842645e+02
   4.5190000e-02   8.9986000e-02   2.1821140e+00   5.5576343e+02   5.5143250e+02
  -1.1566500e-01  -1.5556100e-01   2.0953220e+00   6.0760284e+02   1.2843721e+02
  -4.3963000e-02  -2.1449400e-01   2.1593870e+00   7.5831317e+02   1.5376729e+02
   6.0513000e-02   1.4315800e-01   2.2882420e+00   6.2063843e+02   6.6775958e+02
   1.8366000e-02  -1.4135400e-01   2.0753480e+00   6.3892877e+02   2.2926468e+02
   6.7479000e-02  -1.1182500e-01   2.1084750e+00   6.7085785e+02   3.2204453e+02
  -1.0169000e-02  -1.8204900e-01   2.1258330e+00   7.1237640e+02   1.9444815e+02
   6.2386000e-02  -1.5903000e-02   2.1521210e+00   6.2569055e+02   4.4308145e+02
   4.0083000e-02  -2.6163000e-02   2.0726150e+00   5.4278918e+02   3.7011740e+02
   5.1747000e-02  -9.4163000e-02   2.0581500e+00   5.9460138e+02   2.9727435e+02
  -3.8556000e-02  -1.5942400e-01   2.0901340e+00   6.4257654e+02   1.7615262e+02
  -1.0311500e-01  -1.6290200e-01   2.1016710e+00   6.2619379e+02   1.3296433e+02
  -6.2679000e-02  -1.5922300e-01   2.0939470e+00   6.3467883e+02   1.6049268e+02
   7.8483000e-02  -1.2571000e-02   2.2345350e+00   7.1166193e+02   5.0179983e+02
   2.2833000e-02  -1.4335300e-01   2.0782390e+00   6.4610883e+02   2.3251718e+02
   3.6942000e-02  -1.3798000e-01   2.0656040e+00   6.3528967e+02   2.4122005e+02
   4.6382000e-02   9.5300000e-03   2.1234160e+00   5.6662384e+02   4.4100079e+02
   6.2268000e-02   3.3452000e-02   2.2050280e+00   6.3473413e+02   5.2065063e+02
   7.4275000e-02  -7.8920000e-02   2.1643490e+00   7.0082159e+02   3.9261697e+02
   5.0697000e-02   9.7042000e-02   2.2080730e+00   5.7761523e+02   5.7644849e+02
   2.9299000e-02  -1.4509300e-01   2.0799800e+00   6.5222888e+02   2.3658594e+02
   5.9694000e-02   9.2625000e-02   2.2456100e+00   6.2202838e+02   5.9698315e+02
   6.5437000e-02   9.2062000e-02   2.2691450e+00   6.4797150e+02   6.1260632e+02
   6.8480000e-02   1.7545000e-02   2.2188940e+00   6.6533051e+02   5.1657678e+02
   8.4256000e-02   3.5712000e-02   2.2847130e+00   7.1991052e+02   5.8050684e+02
   6.5083000e-02   6.4750000e-03   2.1958490e+00   6.5065918e+02   4.9088110e+02
   3.0665000e-02  -1.3766700e-01   2.0726360e+00   6.3929340e+02   2.4142281e+02
  -6.6559000e-02  -1.2541100e-01   2.0541860e+00   5.6241418e+02   1.7069826e+02
  -3.2124000e-02  -1.9812500e-01   2.1424640e+00   7.3277161e+02   1.7010838e+02
   8.4107000e-02  -1.7686600e-01   2.1228820e+00   7.5547925e+02   2.6921527e+02
   1.3625000e-02  -1.3838400e-01   2.0724040e+00   6.3240454e+02   2.2738390e+02
   2.6408000e-02  -1.1543000e-01   2.0432000e+00   5.8602771e+02   2.4490536e+02
   8.0575000e-02  -3.4514000e-02   2.2187530e+00   7.1707391e+02   4.7351498e+02
   7.0568000e-02   9.5053000e-02   2.2893620e+00   6.6716821e+02   6.2932532e+02
   5.7842000e-02   3.4610000e-02   2.1904380e+00   6.1743805e+02   5.1079556e+02
   6.5072000e-02   3.0683000e-02   2.2224410e+00   6.5562872e+02   5.2896967e+02
   6.0066000e-02  -1.6667600e-01   2.1036590e+00   7.1325000e+02   2.5035854e+02
   5.4915000e-02   6.0438000e-02   2.1965950e+00   5.9983398e+02   5.3651617e+02
   4.6643000e-02   1.3855000e-02   2.1279840e+00   5.6751770e+02   4.4843545e+02
   5.9024000e-02   2.5650000e-02   2.1947750e+00   6.2996643e+02   5.0506470e+02
  -6.2641000e-02  -2.1506300e-01   2.1677190e+00   7.5685486e+02   1.4489004e+02
   8.7103000e-02  -1.5142000e-01   2.1506520e+00   7.6102405e+02   3.1675800e+02
   8.1597000e-02   1.4168000e-02   2.2302070e+00   6.8624560e+02   5.3060425e+02
   4.0482000e-02   1.4009500e-01   2.2057420e+00   5.3440869e+02   6.0910583e+02
   7.1434000e-02  -3.6102000e-02   2.1834560e+00   6.7931213e+02   4.4560864e+02
  -6.6610000e-03  -1.7481200e-01   2.1159230e+00   6.9830566e+02   1.9842380e+02
   7.8541000e-02   7.0423000e-02   2.3464380e+00   7.4574304e+02   6.3963055e+02
   4.0972000e-02   1.3883000e-02   2.1062350e+00   5.4268689e+02   4.3211969e+02
   1.8965000e-02  -1.3876500e-01   2.0721360e+00   6.3384149e+02   2.3086230e+02
   6.0351000e-02   8.5816000e-02   2.2392260e+00   6.2186328e+02   5.8808044e+02
   7.0649000e-02   9.4300000e-02   2.2858320e+00   6.6449158e+02   6.2688745e+02
   3.4441000e-02   5.6687000e-02   2.1184080e+00   5.1473572e+02   4.7734604e+02
   1.6676000e-02  -1.1349600e-01   2.0407400e+00   5.7694696e+02   2.3774939e+02
   8.0269000e-02   7.0000000e-05   2.2277350e+00   6.9502893e+02   5.1352759e+02
   6.6111000e-02   3.6840000e-03   2.2002390e+00   6.5798499e+02   4.9112408e+02
   8.4380000e-02   2.8184000e-02   2.2882870e+00   7.3010864e+02   5.7465894e+02
   7.6276000e-02   6.4168000e-02   2.2861180e+00   6.9323041e+02   6.0221875e+02
   3.5890000e-02   5.0117000e-02   2.1174370e+00   5.2034235e+02   4.7139825e+02
   7.5011000e-02  -2.1045000e-02   2.2133220e+00   6.9711169e+02   4.8016522e+02
   4.2124000e-02  -4.3640000e-03   2.0893510e+00   5.4186182e+02   4.0445166e+02
   6.5830000e-02  -8.2910000e-02   2.1231450e+00   6.5834680e+02   3.5851880e+02
   6.1970000e-02  -1.1752800e-01   2.0921480e+00   6.5663733e+02   3.0019092e+02
   7.4001000e-02  -5.9129000e-02   2.1781600e+00   6.9604114e+02   4.2094296e+02
  -2.1855000e-02  -1.9207000e-01   2.1348750e+00   7.2504987e+02   1.7933874e+02
   3.4810000e-02  -2.7891000e-02   2.0512230e+00   5.1931329e+02   3.5211591e+02
   4.4520000e-02   3.4030000e-03   2.1246670e+00   5.7235944e+02   4.3402731e+02
   3.8430000e-03  -1.0670800e-01   2.0339890e+00   5.5753345e+02   2.3132620e+02
   4.1757000e-02   1.7762500e-01   2.2412280e+00   5.3798688e+02   6.6346613e+02
   4.4912000e-02   1.0560400e-01   2.1979320e+00   5.5773358e+02   5.7557983e+02
   3.6870000e-02   1.0564400e-01   2.1710620e+00   5.2748242e+02   5.5543726e+02
  -7.4485000e-02  -1.7578300e-01   2.1180060e+00   6.6802924e+02   1.4937705e+02
   7.6728000e-02   1.9631000e-02   2.2573320e+00   7.0449011e+02   5.4477887e+02
   7.9540000e-03  -9.6722000e-02   2.0223910e+00   5.3795624e+02   2.3827354e+02
   5.8835000e-02   1.2538400e-01   2.2647040e+00   6.1240295e+02   6.3765576e+02
   3.5903000e-02  -2.6856000e-02   2.0615940e+00   5.2965955e+02   3.6051019e+02
  -9.6849000e-02  -1.7832500e-01   2.1224760e+00   6.6391272e+02   1.3321124e+02
   7.2586000e-02  -4.7244000e-02   2.1818470e+00   6.8819727e+02   4.3428940e+02
   7.4490000e-02  -2.7462000e-02   2.2069980e+00   6.9629974e+02   4.6993753e+02
   6.1027000e-02   1.2212900e-01   2.2697260e+00   6.2080023e+02   6.3806671e+02
   6.9339000e-02   6.4192000e-02   2.2595820e+00   6.6433795e+02   5.8372760e+02
   5.9757000e-02   8.3032000e-02   2.2387800e+00   6.2396728e+02   5.8445575e+02
   8.1515000e-02   4.9777000e-02   2.2777260e+00   7.0001013e+02   5.8898676e+02
   5.8381000e-02   1.2890000e-02   2.1778910e+00   6.2381311e+02   4.8246719e+02
   6.6851000e-02   1.5222000e-02   2.2143550e+00   6.6213409e+02   5.1072702e+02
   6.6305000e-02  -7.0693000e-02   2.1394110e+00   6.6405115e+02   3.8105997e+02
   7.8187000e-02   1.1179200e-01   2.3245120e+00   6.8964758e+02   6.6799512e+02
   6.0827000e-02   5.4087000e-02   2.2206330e+00   6.3153754e+02   5.4779236e+02
   3.2061000e-02   1.1861900e-01   2.1615580e+00   5.0471072e+02   5.5993372e+02
   6.0872000e-02  -1.0631000e-01   2.0799410e+00   6.3406397e+02   3.0272153e+02
   7.6731000e-02  -8.5800000e-04   2.2306250e+00   6.9675415e+02   5.1067099e+02
   5.1323000e-02   9.9989000e-02   2.1823660e+00   5.4996796e+02   5.6702515e+02
   4.5584000e-02  -6.4121000e-02   2.0673870e+00   5.7402991e+02   3.3044098e+02
   4.1477000e-02  -3.2244000e-02   2.0724530e+00   5.4860901e+02   3.6538580e+02
   8.5939000e-02  -3.9894000e-02   2.2411330e+00   7.4637439e+02   4.8393131e+02
  -2.4580000e-03  -1.9725400e-01   2.1396070e+00   7.4465747e+02   1.9081407e+02
   3.7877000e-02   1.1963900e-01   2.1776920e+00   5.2235547e+02   5.7429871e+02
  -7.2850000e-03  -1.5863200e-01   2.0969740e+00   6.6436719e+02   2.0395651e+02
  -3.1710000e-02  -1.5434100e-01   2.0921240e+00   6.4318872e+02   1.8777014e+02
   2.3739000e-02  -1.2476400e-01   2.0549290e+00   6.0553015e+02   2.3945897e+02
   9.3905000e-02   6.3453000e-02   2.3207400e+00   7.3518414e+02   6.3279474e+02
   4.9106000e-02  -1.8092000e-01   2.1190190e+00   7.3634485e+02   2.3530434e+02
   8.5718000e-02  -8.9537000e-02   2.1903110e+00   7.4184644e+02   4.0517389e+02
   6.5387000e-02   9.2026000e-02   2.2690430e+00   6.4797150e+02   6.1260632e+02
   6.8528000e-02  -3.7422000e-02   2.1756380e+00   6.7165704e+02   4.3790317e+02
   7.9470000e-03  -1.4743000e-01   2.0827360e+00   6.4696747e+02   2.1901776e+02
   5.9276000e-02   7.4283000e-02   2.2250860e+00   6.1768127e+02   5.6896106e+02
  -6.7672000e-02  -1.6348600e-01   2.1004900e+00   6.4241260e+02   1.5677945e+02
   7.4430000e-02  -1.1218200e-01   2.1334300e+00   7.0002393e+02   3.3970373e+02
   6.9010000e-02   7.5360000e-03   2.2112090e+00   6.6667395e+02   5.0343835e+02
   3.5226000e-02  -1.0747600e-01   2.0327580e+00   5.7186206e+02   2.5382315e+02
   4.9331000e-02  -7.4800000e-04   2.1232520e+00   5.7679120e+02   4.3254245e+02
   7.2452000e-02   4.4149000e-02   2.2596390e+00   6.8285370e+02   5.6810681e+02
   7.8101000e-02  -3.4172000e-02   2.2128340e+00   7.0968878e+02   4.6879135e+02
   4.1964000e-02   8.6829000e-02   2.1753020e+00   5.5005487e+02   5.4265857e+02
  -1.4455000e-02  -1.1225200e-01   2.0398850e+00   5.6014441e+02   2.1498438e+02
   6.3886000e-02   7.2860000e-02   2.2332440e+00   6.2889807e+02   5.7537854e+02
   3.9352000e-02  -1.6527000e-02   2.0837170e+00   5.4535376e+02   3.8660046e+02
   5.8081000e-02   5.3181000e-02   2.2063080e+00   6.1699048e+02   5.3790918e+02
   3.4791000e-02   1.1354000e-02   2.0742800e+00   5.0900607e+02   4.0648041e+02
   8.7655000e-02   5.9300000e-02   2.3151450e+00   7.3030157e+02   6.2071240e+02
   4.4544000e-02   1.2040000e-02   2.1156970e+00   5.5561938e+02   4.3815430e+02
   7.6337000e-02   9.0689000e-02   2.3023510e+00   6.8551648e+02   6.3591058e+02
   7.4860000e-02  -1.5251100e-01   2.1031520e+00   7.0745111e+02   2.7700488e+02
   4.9480000e-02  -1.2518000e-02   2.1184430e+00   5.8211407e+02   4.1773966e+02
   2.6933000e-02  -9.9788000e-02   2.0321070e+00   5.6073877e+02   2.5506753e+02
   8.1517000e-02   7.5346000e-02   2.3029060e+00   7.0198529e+02   6.2538672e+02
   3.8619000e-02  -9.4471000e-02   2.0233920e+00   5.5153845e+02   2.6528934e+02
   7.6509000e-02   1.0192100e-01   2.3815470e+00   7.5015125e+02   6.8219537e+02
   4.8007000e-02  -3.6544000e-02   2.1016710e+00   5.8617719e+02   3.8160877e+02
   6.1319000e-02   7.4330000e-02   2.2356830e+00   6.2889807e+02   5.7537854e+02
   7.6692000e-02  -5.4516000e-02   2.1915350e+00   7.0658704e+02   4.3526883e+02
   8.5833000e-02   8.4381000e-02   2.3346930e+00   7.2618256e+02   6.5238684e+02
   5.4999000e-02   1.3552000e-02   2.1607120e+00   6.0422199e+02   4.7219830e+02
   3.6229000e-02  -5.7028000e-02   2.1635850e+00   6.6422949e+02   3.8482895e+02
   7.6009000e-02  -1.4774000e-01   2.1135960e+00   7.1431403e+02   2.9043561e+02
  -7.2962000e-02  -2.0419000e-01   2.1523140e+00   7.2702222e+02   1.4028177e+02
   4.3190000e-02   1.8031100e-01   2.2465260e+00   5.4193182e+02   6.6887549e+02
  -1.0082700e-01  -1.5478800e-01   2.0944170e+00   6.1292011e+02   1.3881091e+02
   7.6236000e-02   4.5186000e-02   2.2660820e+00   6.8997437e+02   5.7454840e+02
   3.5031000e-02   1.3083200e-01   2.1789180e+00   5.1328876e+02   5.8284595e+02
   3.1449000e-02  -4.4328000e-02   2.0476800e+00   5.2934540e+02   3.2889587e+02
   6.9099000e-02  -9.6633000e-02   2.1420550e+00   6.9349689e+02   3.5960303e+02
   1.5570000e-03  -1.0446600e-01   2.0342360e+00   5.5397223e+02   2.2723347e+02
   4.0481000e-02   1.9937000e-02   2.1366450e+00   5.6869244e+02   4.5414615e+02
   3.9477000e-02   7.2044000e-02   2.1511580e+00   5.3704388e+02   5.1394086e+02
   8.1883000e-02  -1.0056600e-01   2.1655020e+00   7.2584631e+02   3.7632489e+02
   7.0104000e-02   1.9212000e-02   2.2268300e+00   6.7111841e+02   5.2506055e+02
   6.3199000e-02  -3.7062000e-02   2.1544250e+00   6.4731470e+02   4.2210504e+02
   7.9985000e-02  -3.0516000e-02   2.2209290e+00   7.1514905e+02   4.7828742e+02
   3.9490000e-03  -1.0342200e-01   2.0304350e+00   5.5080115e+02   2.3268829e+02
   1.2032000e-02  -1.0583600e-01   2.0342920e+00   5.6109863e+02   2.3812085e+02
   7.9483000e-02  -1.3113400e-01   2.1359700e+00   7.2318408e+02   3.2442090e+02
  -9.3653000e-02  -1.8214300e-01   2.1262840e+00   6.7163251e+02   1.3371158e+02
   6.9021000e-02  -6.0218000e-02   2.1599020e+00   6.7636877e+02   4.0649976e+02
   6.4139000e-02  -1.2280800e-01   2.0824490e+00   6.5206525e+02   2.9017313e+02
   7.7717000e-02  -2.7466000e-02   2.2484070e+00   7.3853027e+02   4.9374832e+02
   4.3017000e-02   1.7790000e-02   2.1151450e+00   5.4896472e+02   4.4288760e+02
   8.2190000e-02  -8.8752000e-02   2.1866510e+00   7.3532245e+02   4.0084262e+02
   6.8724000e-02  -1.7048300e-01   2.1107960e+00   7.2893335e+02   2.5749152e+02
   7.0430000e-02   1.1332700e-01   2.2976960e+00   6.5912286e+02   6.5023291e+02
   4.4651000e-02   1.6308900e-01   2.2260280e+00   5.3625159e+02   6.4571844e+02
   4.1933000e-02  -8.7174000e-02   2.0312610e+00   5.5517218e+02   2.8078671e+02
   5.1751000e-02   1.4110000e-03   2.1500240e+00   6.0344629e+02   4.5111575e+02
   8.1507000e-02   8.6932000e-02   2.3145740e+00   7.0299524e+02   6.4184930e+02
   6.4251000e-02  -3.9758000e-02   2.1572500e+00   6.5291596e+02   4.2225046e+02
  -2.8490000e-02  -1.4099900e-01   2.0782340e+00   6.1867761e+02   1.9581728e+02
   8.4095000e-02   6.7183000e-02   2.3094440e+00   7.1600244e+02   6.2223724e+02
   7.0009000e-02   4.9765000e-02   2.2414250e+00   6.5968945e+02   5.6167358e+02
   7.5789000e-02  -1.4855700e-01   2.1169830e+00   7.1807294e+02   2.9093231e+02
   6.7547000e-02  -1.0152400e-01   2.1187380e+00   6.7183966e+02   3.3737763e+02
   6.5527000e-02  -7.5722000e-02   2.1321530e+00   6.6111639e+02   3.7104889e+02
   8.5661000e-02  -4.8913000e-02   2.2179290e+00   7.3172192e+02   4.6211771e+02
   8.6532000e-02  -5.3845000e-02   2.2243580e+00   7.4303491e+02   4.6104861e+02
   7.7047000e-02  -2.9005000e-02   2.2081960e+00   6.9959265e+02   4.7010397e+02
   7.9076000e-02   1.1560100e-01   2.3283080e+00   6.9023206e+02   6.7405994e+02
  -5.6920000e-03  -9.5199000e-02   2.0204050e+00   5.2814172e+02   2.2825818e+02
   8.0087000e-02   6.8602000e-02   2.2971010e+00   7.0094159e+02   6.1482837e+02
  -1.7787000e-02  -1.3577100e-01   2.1276310e+00   6.7522583e+02   2.4333026e+02
   3.9281000e-02   1.1736900e-01   2.1835170e+00   5.3104059e+02   5.7540247e+02
   7.0379000e-02   1.3898000e-02   2.2142710e+00   6.6489441e+02   5.1232196e+02
   8.0520000e-02  -1.3137300e-01   2.1348260e+00   7.2318408e+02   3.2442090e+02
   4.3630000e-02  -1.0816700e-01   2.0383630e+00   5.8264148e+02   2.6302420e+02
  -8.4842000e-02  -1.2501600e-01   2.0573150e+00   5.5734027e+02   1.5882253e+02
  -7.7650000e-03  -9.2740000e-02   2.0164070e+00   5.2054199e+02   2.2795470e+02
   7.9362000e-02   1.1527900e-01   2.3277740e+00   6.9023206e+02   6.7405994e+02
   8.4592000e-02  -1.0891500e-01   2.1805340e+00   7.4984558e+02   3.7796100e+02
   5.9975000e-02   1.2500700e-01   2.2748020e+00   6.2319690e+02   6.4238226e+02
   5.7064000e-02   1.6074200e-01   2.2802580e+00   5.9684320e+02   6.7734668e+02
  -4.5938000e-02  -1.0760700e-01   2.0341280e+00   5.3525165e+02   1.9262695e+02
   8.4051000e-02  -1.2041200e-01   2.1586160e+00   7.3798785e+02   3.5292380e+02
   7.4867000e-02  -9.5401000e-02   2.1477790e+00   6.9937946e+02   3.6631995e+02
  -5.3116000e-02  -1.2008900e-01   2.0509250e+00   5.5988025e+02   1.8390491e+02
  -5.3344000e-02  -1.2001800e-01   2.0510210e+00   5.5988025e+02   1.8390491e+02
  -3.1041000e-02  -1.5104300e-01   2.0870250e+00   6.3562677e+02   1.8862088e+02
   6.8346000e-02  -1.3785000e-02   2.1898760e+00   6.6383142e+02   4.6966440e+02
  -3.8978000e-02  -1.4480700e-01   2.0804740e+00   6.2054333e+02   1.8591420e+02
   6.4241000e-02   2.0787000e-02   2.2016120e+00   6.4240356e+02   5.0579541e+02
   6.6000000e-02   1.4331700e-01   2.3046050e+00   6.3832141e+02   6.7915649e+02
  -2.6262000e-02  -1.8631800e-01   2.1295180e+00   7.1094043e+02   1.7731992e+02
   2.0952000e-02  -1.7612200e-01   2.1178610e+00   7.1599878e+02   2.1747919e+02
   8.0891000e-02   2.8045000e-02   2.2740630e+00   7.1406457e+02   5.6502039e+02
   6.4296000e-02  -7.2650000e-03   2.1809490e+00   6.4747876e+02   4.6913403e+02
  -8.2660000e-03  -1.7063300e-01   2.1066020e+00   6.8474597e+02   1.9579748e+02
   6.7140000e-02   8.2522000e-02   2.2639950e+00   6.5172736e+02   6.0216162e+02
   5.2910000e-02  -1.7928800e-01   2.1225140e+00   7.4074866e+02   2.4207858e+02
   1.5439000e-02  -1.5949100e-01   2.1016270e+00   6.8164801e+02   2.2272356e+02
  -7.5383000e-02  -1.2984400e-01   2.0631600e+00   5.7173132e+02   1.6453209e+02
   7.0172000e-02  -7.8235000e-02   2.1426750e+00   6.7617371e+02   3.7827289e+02
   6.1425000e-02   4.3900000e-03   2.1833180e+00   6.3821930e+02   4.7944046e+02
  -6.5188000e-02  -1.6344500e-01   2.1023370e+00   6.4561877e+02   1.5979883e+02
  -1.1510200e-01  -1.3737600e-01   2.0696920e+00   5.6634119e+02   1.3230980e+02
   3.5780000e-02   2.4458000e-02   2.0894320e+00   5.1383368e+02   4.3028766e+02
   6.5582000e-02  -4.9498000e-02   2.1508840e+00   6.5610156e+02   4.0945456e+02
   4.1472000e-02   1.0630700e-01   2.1766150e+00   5.3452014e+02   5.6262219e+02
  -5.6492000e-02  -1.4761600e-01   2.0886260e+00   6.2134576e+02   1.7479404e+02
   5.6133000e-02   6.7516000e-02   2.2053470e+00   6.0290625e+02   5.4999890e+02
   2.0879000e-02  -1.0983000e-01   2.0407750e+00   5.7633160e+02   2.4669508e+02
  -7.3731000e-02  -1.3051300e-01   2.0621030e+00   5.7173132e+02   1.6453209e+02
   3.5400000e-02  -1.5026600e-01   2.0856090e+00   6.6673132e+02   2.3872212e+02
   3.5186000e-02   1.6845000e-02   2.1166440e+00   5.4483227e+02   4.3581021e+02
   3.1147000e-02   5.8180000e-02   2.1079340e+00   5.0152786e+02   4.7102173e+02
   7.3884000e-02  -4.4596000e-02   2.1823930e+00   6.8715613e+02   4.3846338e+02
   5.9577000e-02  -5.6046000e-02   2.1265930e+00   6.3442993e+02   3.8459943e+02
  -9.3242000e-02  -1.1771100e-01   2.0476590e+00   5.3686169e+02   1.5549355e+02
   4.9203000e-02   1.2965500e-01   2.2479800e+00   5.8819269e+02   6.2539722e+02
   3.7408000e-02   4.7850000e-03   2.0799420e+00   5.2157263e+02   4.0536038e+02
  -3.9329000e-02  -8.6840000e-02   2.0223400e+00   5.0838083e+02   2.1254796e+02
   3.6396000e-02  -1.1149100e-01   2.0376470e+00   5.8143231e+02   2.5347470e+02
   3.8788000e-02   8.6550000e-02   2.1980280e+00   5.7103455e+02   5.5208460e+02
   5.7376000e-02   1.6473000e-02   2.1786320e+00   6.2144086e+02   4.8591791e+02
   3.4242000e-02  -8.6376000e-02   2.0128140e+00   5.3064081e+02   2.6456744e+02
   7.7402000e-02   6.3082000e-02   2.2819770e+00   6.9047620e+02   6.0012079e+02
   6.5157000e-02   1.5644300e-01   2.2978240e+00   6.2100354e+02   6.8874225e+02
   6.1147000e-02   1.1878600e-01   2.2665360e+00   6.2059772e+02   6.3374634e+02
   2.0620000e-03  -1.7344000e-01   2.1148270e+00   7.0038367e+02   2.0550842e+02
  -1.0080000e-03  -9.6160000e-02   2.0238540e+00   5.3501331e+02   2.3325174e+02
   6.5726000e-02   5.1179000e-02   2.2226510e+00   6.3853217e+02   5.4948297e+02
  -8.7286000e-02  -1.3083400e-01   2.0649060e+00   5.6798981e+02   1.5573596e+02
   3.4112000e-02  -9.4930000e-03   2.0695650e+00   5.2162366e+02   3.8214847e+02
   3.8940000e-02   8.5743000e-02   2.1712510e+00   5.4586523e+02   5.3763879e+02
   6.6982000e-02  -3.9756000e-02   2.1569310e+00   6.5396088e+02   4.2419244e+02
   7.5494000e-02  -2.2152000e-02   2.2075350e+00   6.9239258e+02   4.7629269e+02
   7.6289000e-02  -1.4671200e-01   2.1137520e+00   7.1324298e+02   2.9191708e+02
   4.3164000e-02   3.3853000e-02   2.1310010e+00   5.5146082e+02   4.6785327e+02
   3.4750000e-02   8.5163000e-02   2.1602660e+00   5.3337238e+02   5.2790576e+02
   4.4967000e-02   1.5193700e-01   2.2335500e+00   5.5385809e+02   6.3701178e+02
  -5.3898000e-02  -1.2837200e-01   2.0609930e+00   5.7821814e+02   1.7758166e+02
   5.6777000e-02   5.4594000e-02   2.1860440e+00   5.9499957e+02   5.2856128e+02
  -1.6111000e-02  -1.7699700e-01   2.1192670e+00   6.9855774e+02   1.9184393e+02
  -8.1948000e-02  -1.9741700e-01   2.1448420e+00   7.0951270e+02   1.3514575e+02
  -6.2350000e-03  -1.6280000e-01   2.1017850e+00   6.7264459e+02   2.0141376e+02
   4.3334000e-02   1.9117000e-02   2.1195630e+00   5.5321106e+02   4.4708554e+02
   8.5226000e-02  -3.4695000e-02   2.2357390e+00   7.3596069e+02   4.8600497e+02
   5.6344000e-02  -1.1334300e-01   2.0596940e+00   6.1648071e+02   2.7994498e+02
   3.6560000e-02  -2.8279000e-02   2.0427870e+00   5.1145306e+02   3.4806818e+02
   7.4948000e-02  -2.7679000e-02   2.2037620e+00   6.9332019e+02   4.6849664e+02
  -1.0276000e-01  -1.7529500e-01   2.1163960e+00   6.5157910e+02   1.2864189e+02
  -6.8968000e-02  -1.2660500e-01   2.0601410e+00   5.6869324e+02   1.7050168e+02
  -1.4635000e-02  -1.0329100e-01   2.0224680e+00   5.3397675e+02   2.1305217e+02
   5.2535000e-02   5.1409000e-02   2.1765910e+00   5.8643323e+02   5.1684082e+02
   4.4758000e-02   9.0460000e-02   2.1809470e+00   5.5433630e+02   5.5132861e+02
   4.0346000e-02   1.5896000e-02   2.1097650e+00   5.4483227e+02   4.3581021e+02
  -6.5648000e-02  -1.5870600e-01   2.0955980e+00   6.3467883e+02   1.6049268e+02
   8.6163000e-02  -6.8704000e-02   2.2130110e+00   7.4510400e+02   4.3989072e+02
   6.2693000e-02   6.1025000e-02   2.2257690e+00   6.3136084e+02   5.5884949e+02
   5.0408000e-02   1.7627000e-01   2.2727640e+00   5.7355182e+02   6.8299219e+02
   5.0653000e-02   1.1977000e-01   2.2433900e+00   5.9367078e+02   6.1500409e+02
   3.6632000e-02   1.2985900e-01   2.1852340e+00   5.2112482e+02   5.8587134e+02
  -7.8317000e-02  -1.1949900e-01   2.0483940e+00   5.4582654e+02   1.6464398e+02
   4.1708000e-02   2.6917000e-02   2.1163860e+00   5.4215491e+02   4.5192990e+02
   7.9372000e-02   7.4257000e-02   2.2894110e+00   6.8907043e+02   6.1662671e+02
   3.5201000e-02  -7.1655000e-02   2.0235970e+00   5.2941559e+02   2.8828705e+02
   7.5152000e-02  -1.6048400e-01   2.1037870e+00   7.1559344e+02   2.6896048e+02
   5.4719000e-02   5.8954000e-02   2.1985590e+00   6.0253400e+02   5.3650940e+02
   7.4213000e-02  -1.3057700e-01   2.1159120e+00   6.9953418e+02   3.0958456e+02
   6.8358000e-02   1.4100000e-03   2.2012070e+00   6.6171442e+02   4.9081598e+02
   5.7357000e-02   1.4560000e-01   2.2758940e+00   6.0546417e+02   6.6058392e+02
   4.4669000e-02  -1.7880200e-01   2.1257580e+00   7.3935413e+02   2.2973657e+02
   7.6795000e-02  -2.7723000e-02   2.2064820e+00   6.9709735e+02   4.7103000e+02
   7.6931000e-02  -7.1408000e-02   2.1777630e+00   7.0858038e+02   4.0993576e+02
   4.1996000e-02   1.2604900e-01   2.2000990e+00   5.4165350e+02   5.9415015e+02
   7.6922000e-02  -1.2191900e-01   2.1372650e+00   7.1452808e+02   3.3335739e+02
   3.6785000e-02   2.7310000e-03   2.0821620e+00   5.2579504e+02   4.0377087e+02
   4.0696000e-02  -8.9195000e-02   2.0244250e+00   5.4885529e+02   2.7375818e+02
   7.9718000e-02  -1.2340500e-01   2.1441140e+00   7.2365747e+02   3.3734216e+02
   6.7830000e-02   1.4893500e-01   2.3127600e+00   6.4223407e+02   6.8984247e+02
  -6.0251000e-02  -1.8746500e-01   2.1232670e+00   6.8868030e+02   1.6238838e+02
   3.7432000e-02   1.3740500e-01   2.1832090e+00   5.1279132e+02   5.9324268e+02
   8.4630000e-02  -1.7092000e-01   2.1279220e+00   7.5515863e+02   2.7957123e+02
   7.0974000e-02   2.8370000e-02   2.2263460e+00   6.6419977e+02   5.3332629e+02
   3.4878000e-02  -6.2072000e-02   2.0184880e+00   5.1499408e+02   2.9534796e+02
   2.1314000e-02  -8.3854000e-02   1.9983680e+00   5.0563672e+02   2.4823061e+02
  -8.2071000e-02  -2.0087700e-01   2.1475950e+00   7.1492304e+02   1.3455534e+02
   3.1039000e-02  -8.9012000e-02   2.0104690e+00   5.2903625e+02   2.5758856e+02
   4.7846000e-02  -2.9483000e-02   2.1000140e+00   5.7826752e+02   3.8938654e+02
   4.3323000e-02  -1.8362400e-01   2.1221840e+00   7.3935413e+02   2.2973657e+02
   9.0162000e-02   1.0251700e-01   2.3630150e+00   7.3912439e+02   6.8717261e+02
   8.8337000e-02  -1.4579900e-01   2.1552370e+00   7.6078937e+02   3.2669141e+02
   6.7476000e-02  -3.1040000e-03   2.1919940e+00   6.5637946e+02   4.8067636e+02
   7.5540000e-02  -3.7591000e-02   2.1985900e+00   6.9737305e+02   4.5561029e+02
  -1.2652300e-01  -1.1758300e-01   2.0484710e+00   5.2252972e+02   1.3224455e+02
   6.7645000e-02   2.1637000e-02   2.2291320e+00   6.7111841e+02   5.2506055e+02
   6.4821000e-02   1.9354000e-02   2.1991110e+00   6.4240356e+02   5.0579541e+02
   4.3863000e-02   1.7497000e-01   2.2436040e+00   5.4367926e+02   6.6350336e+02
  -9.0918000e-02  -1.1552100e-01   2.0489170e+00   5.3686169e+02   1.5549355e+02
   4.3164000e-02  -5.6635000e-02   2.0612990e+00   5.5951544e+02   3.3381930e+02
   6.6949000e-02   9.2520000e-03   2.2026400e+00   6.5556335e+02   4.9913809e+02
   4.0463000e-02   1.2479900e-01   2.1912490e+00   5.3289526e+02   5.8727795e+02
   5.6486000e-02   1.5342200e-01   2.2696320e+00   5.9252154e+02   6.6519074e+02
   6.0421000e-02  -4.5638000e-02   2.1359030e+00   6.3474023e+02   4.0190411e+02
   8.2623000e-02   3.9761000e-02   2.2832020e+00   7.1441272e+02   5.8227734e+02
   1.4523000e-02  -1.4481700e-01   2.0801070e+00   6.4491119e+02   2.2535248e+02
   6.4229000e-02   9.3940000e-02   2.2572900e+00   6.3425806e+02   6.0804407e+02
   7.5965000e-02  -5.5917000e-02   2.1778800e+00   6.9388770e+02   4.2574503e+02
   8.4397000e-02  -1.3447600e-01   2.1528710e+00   7.4504944e+02   3.3432166e+02
  -5.6590000e-03  -9.5358000e-02   2.0204450e+00   5.2814172e+02   2.2825818e+02
   4.5501000e-02   4.3175000e-02   2.1455900e+00   5.5929126e+02   4.8683728e+02
  -3.6126000e-02  -1.8479100e-01   2.1281770e+00   7.0482275e+02   1.7296960e+02
   7.2724000e-02   1.0576300e-01   2.2982460e+00   6.6693787e+02   6.4573914e+02
   5.8781000e-02  -4.8961000e-02   2.1291980e+00   6.3016797e+02   3.9295221e+02
   7.9398000e-02   7.9074000e-02   2.2960500e+00   6.9100934e+02   6.2425971e+02
   3.9398000e-02  -4.6070000e-02   2.0620970e+00   5.4934222e+02   3.4206506e+02
  -8.1997000e-02  -1.1610900e-01   2.0459460e+00   5.3856262e+02   1.6459376e+02
   8.0411000e-02  -6.0700000e-02   2.1970980e+00   7.1919128e+02   4.3469281e+02
   1.1618000e-02  -1.0040500e-01   2.0240740e+00   5.4535205e+02   2.3831537e+02
   6.8310000e-02   1.1028000e-02   2.2086700e+00   6.6049585e+02   5.0500989e+02
  -7.1286000e-02   4.1825000e-02   2.1300630e+00   7.1352203e+02   4.7461731e+02
   3.2723000e-02  -1.3216400e-01   2.0658200e+00   6.2799280e+02   2.4467165e+02
   3.1321000e-02   7.2568000e-02   2.1186410e+00   5.0024036e+02   4.9148737e+02
   8.0618000e-02  -5.5505000e-02   2.2033250e+00   7.2131555e+02   4.4354807e+02
  -3.4333000e-02  -2.0148100e-01   2.1469940e+00   7.3923059e+02   1.6756760e+02
   4.4314000e-02   7.6352000e-02   2.1705070e+00   5.5486951e+02   5.3283704e+02
   4.0774000e-02   5.9525000e-02   2.1396250e+00   5.3704138e+02   4.9664868e+02
   4.4064000e-02   1.8039800e-01   2.2417490e+00   5.3764551e+02   6.6820990e+02
   7.7056000e-02   2.1480000e-03   2.2257200e+00   6.8922992e+02   5.1153348e+02
   6.9567000e-02   1.2646900e-01   2.3030870e+00   6.5275256e+02   6.6481604e+02
   8.1153000e-02   2.9619000e-02   2.2701190e+00   7.0997437e+02   5.6484082e+02
   5.9678000e-02   3.1759000e-02   2.1757240e+00   6.0608057e+02   5.0169751e+02
   4.4325000e-02   1.2099800e-01   2.2073150e+00   5.5400586e+02   5.9417529e+02
   7.0031000e-02   1.1617400e-01   2.2970050e+00   6.5593835e+02   6.5351923e+02
   6.6470000e-02   2.9960000e-03   2.1939040e+00   6.5238983e+02   4.8766760e+02
   4.0099000e-02   1.4678400e-01   2.2026680e+00   5.2481787e+02   6.1513098e+02
   6.1034000e-02   6.5694000e-02   2.2223630e+00   6.2313934e+02   5.6077856e+02
  -7.9899000e-02  -1.1957600e-01   2.0502400e+00   5.4582654e+02   1.6464398e+02
  -3.5926000e-02  -1.4724100e-01   2.0832800e+00   6.2650946e+02   1.8652783e+02
   6.8347000e-02  -2.5265000e-02   2.1734120e+00   6.5774036e+02   4.4975604e+02
  -9.1289000e-02  -1.5579600e-01   2.0938410e+00   6.1762781e+02   1.4446185e+02
  -1.2679000e-01  -1.1799900e-01   2.0493220e+00   5.2376386e+02   1.3212289e+02
   6.1820000e-02   1.5373300e-01   2.2935510e+00   6.1734424e+02   6.7991699e+02
   4.4636000e-02   5.2119000e-02   2.1627550e+00   5.6854395e+02   5.0410007e+02
   8.2949000e-02  -1.2373300e-01   2.1602370e+00   7.4216785e+02   3.4913522e+02
   5.4775000e-02  -5.1481000e-02   2.1055000e+00   6.0648321e+02   3.7382663e+02
   3.6110000e-02   1.1592400e-01   2.1727150e+00   5.1946643e+02   5.6615332e+02
  -4.0724000e-02  -8.8521000e-02   2.0156220e+00   5.0102020e+02   2.0576166e+02
   3.3969000e-02   1.5104000e-01   2.1948650e+00   5.1137930e+02   6.0950562e+02
   3.7812000e-02  -1.9280000e-02   2.0692240e+00   5.3226489e+02   3.7381155e+02
   8.3786000e-02  -1.4641000e-02   2.2328210e+00   7.1462146e+02   5.0370508e+02
   8.3125000e-02   3.0394000e-02   2.2807310e+00   7.2084863e+02   5.7235352e+02
   4.6810000e-02   7.6791000e-02   2.1778570e+00   5.6364966e+02   5.3811432e+02
   4.4981000e-02   4.3400000e-04   2.1147250e+00   5.6507330e+02   4.2574658e+02
   7.5574000e-02   9.9795000e-02   2.3048500e+00   6.7990301e+02   6.4513434e+02
  -4.8844000e-02  -1.9991100e-01   2.1468320e+00   7.3125153e+02   1.5811322e+02
   5.2286000e-02   1.0662500e-01   2.2244550e+00   5.8644678e+02   5.9499127e+02
   8.0533000e-02  -1.3443400e-01   2.1449380e+00   7.3549316e+02   3.2672931e+02
   4.0580000e-02   1.3131600e-01   2.1969950e+00   5.3335144e+02   5.9627814e+02
   6.2718000e-02   1.0686500e-01   2.2743080e+00   6.3963751e+02   6.2673206e+02
  -7.8407000e-02  -2.1476000e-01   2.1635710e+00   7.4449817e+02   1.3171933e+02
   6.6946000e-02   1.3516000e-01   2.3013060e+00   6.4241321e+02   6.7027161e+02
   6.7072000e-02  -3.3720000e-02   2.1713540e+00   6.6318158e+02   4.3814539e+02
   3.7692000e-02   6.5081000e-02   2.1364010e+00   5.2782056e+02   4.9805399e+02
   6.3176000e-02  -3.3195000e-02   2.1562860e+00   6.4547485e+02   4.2791721e+02
  -5.2960000e-02  -1.8091000e-01   2.1235980e+00   6.8868030e+02   1.6238838e+02
   5.4350000e-02   9.2969000e-02   2.2174130e+00   5.9213654e+02   5.7909558e+02
   6.6285000e-02   2.9899000e-02   2.2240380e+00   6.5878345e+02   5.2980115e+02
   7.0378000e-02  -3.7000000e-05   2.2043220e+00   6.6696472e+02   4.9361716e+02
  -5.1470000e-03  -1.9978400e-01   2.1545530e+00   7.6094360e+02   1.9425713e+02
   7.8892000e-02  -8.5330000e-03   2.2329760e+00   7.0683728e+02   5.0581396e+02
   6.6916000e-02  -1.0909400e-01   2.1056780e+00   6.6523932e+02   3.2122967e+02
  -1.7686000e-02  -1.8942600e-01   2.1336500e+00   7.2419836e+02   1.8450641e+02
   3.8312000e-02   2.0077000e-02   2.1084210e+00   5.3838873e+02   4.3748608e+02
   6.3992000e-02  -1.2407200e-01   2.0842040e+00   6.5531921e+02   2.8964874e+02
   7.6999000e-02   7.8370000e-03   2.2499330e+00   7.0935254e+02   5.2857910e+02
   6.2641000e-02  -8.2616000e-02   2.0855160e+00   6.1822583e+02   3.3510031e+02
   8.3958000e-02  -8.4196000e-02   2.1872010e+00   7.3304804e+02   4.0786011e+02
  -9.0067000e-02  -1.3265300e-01   2.0637310e+00   5.6798981e+02   1.5573596e+02
   6.1441000e-02   6.2248000e-02   2.2241520e+00   6.2806988e+02   5.5858777e+02
   7.8296000e-02  -5.4028000e-02   2.1954170e+00   7.1066180e+02   4.3977234e+02
   6.4636000e-02  -1.3261600e-01   2.0836600e+00   6.6309125e+02   2.8001764e+02
   6.9394000e-02  -4.7470000e-02   2.1651980e+00   6.7010596e+02   4.2283887e+02
  -9.1378000e-02  -1.2254400e-01   2.0540600e+00   5.4877356e+02   1.5577618e+02
   4.5337000e-02   1.6238100e-01   2.2391510e+00   5.5049115e+02   6.5042743e+02
   6.7414000e-02  -8.4076000e-02   2.1303030e+00   6.6740656e+02   3.6254950e+02
   3.6293000e-02   1.5734000e-02   2.0978440e+00   5.3026288e+02   4.2600696e+02
   5.5433000e-02  -1.2061200e-01   2.0583830e+00   6.2120349e+02   2.7083887e+02
   7.2535000e-02  -4.3230000e-03   2.2115560e+00   6.7888611e+02   4.9336954e+02
   5.1412000e-02  -8.0436000e-02   2.0697720e+00   5.9403528e+02   3.1901099e+02
   5.1518000e-02   4.5384000e-02   2.1650910e+00   5.7946301e+02   5.0540476e+02
   4.6840000e-02   1.2942900e-01   2.2257490e+00   5.6565247e+02   6.1331299e+02
   6.1884000e-02   8.4320000e-02   2.2360910e+00   6.2117126e+02   5.8695557e+02
   7.9909000e-02   4.0558000e-02   2.2710760e+00   7.0077966e+02   5.7522180e+02
   7.6185000e-02  -2.8873000e-02   2.2093770e+00   6.9959265e+02   4.7010397e+02
   7.8033000e-02  -1.7630300e-01   2.1132200e+00   7.4033630e+02   2.5912585e+02
   6.9304000e-02  -1.3930000e-02   2.1888460e+00   6.6383142e+02   4.6966440e+02
   6.8160000e-02   5.4336000e-02   2.2442050e+00   6.5755432e+02   5.6609680e+02
   4.9450000e-02   2.2476000e-02   2.1515800e+00   5.8526593e+02   4.7199371e+02
   6.2100000e-03  -1.4812900e-01   2.0836190e+00   6.4772766e+02   2.1764688e+02
   6.8006000e-02  -6.7008000e-02   2.1422360e+00   6.6433789e+02   3.8819965e+02
   7.4131000e-02   3.6949000e-02   2.2561130e+00   6.8683020e+02   5.5916205e+02
   7.7873000e-02   6.9248000e-02   2.2739680e+00   6.7795209e+02   6.0294458e+02
   4.6796000e-02  -1.8202600e-01   2.1232610e+00   7.4046198e+02   2.3500630e+02
  -5.0226000e-02  -1.8573300e-01   2.1277170e+00   6.9794696e+02   1.6145819e+02
  -1.0961200e-01  -1.1859900e-01   2.0491580e+00   5.3161676e+02   1.4334297e+02
   6.0392000e-02   7.1930000e-03   2.1782750e+00   6.3044141e+02   4.7910956e+02
   4.1149000e-02   1.8769100e-01   2.2342000e+00   5.2284515e+02   6.6921020e+02
   6.7714000e-02  -1.0128000e-02   2.1858020e+00   6.5668494e+02   4.7183237e+02
  -1.6286000e-02   2.1540000e-01   2.2462100e+00   4.8918899e+02   6.5308148e+02
   8.0078000e-02  -1.4248700e-01   2.1291270e+00   7.2733008e+02   3.0906271e+02
   8.3308000e-02  -1.1723700e-01   2.1661760e+00   7.4209131e+02   3.5992847e+02
   8.1009000e-02   1.2094700e-01   2.3298880e+00   6.8824481e+02   6.8169812e+02
   4.2371000e-02   1.4275000e-02   2.1134770e+00   5.5036542e+02   4.3749365e+02
   7.8160000e-02  -9.6001000e-02   2.1583400e+00   7.1210596e+02   3.7425110e+02
  -1.2538600e-01  -1.1654200e-01   2.0476840e+00   6.8630713e+02   4.4227304e+02
   3.7336000e-02  -5.6814000e-02   2.0324410e+00   5.2658899e+02   3.1186279e+02
  -4.7288000e-02  -1.2474400e-01   2.0567510e+00   5.7287299e+02   1.8709215e+02
  -6.9477000e-02  -1.5204000e-01   2.0902190e+00   6.2117194e+02   1.6150789e+02
  -7.3202000e-02  -2.1469000e-01   2.1665850e+00   7.4991840e+02   1.3752603e+02
   3.8519000e-02   6.1339000e-02   2.1392740e+00   5.3355682e+02   4.9650705e+02
   7.7161000e-02  -1.2221900e-01   2.1391690e+00   7.1656354e+02   3.3416760e+02
   5.7681000e-02  -1.0220900e-01   2.0691950e+00   6.1644867e+02   2.9979663e+02
   4.3467000e-02   1.3243000e-02   2.1282450e+00   5.6516907e+02   4.4522513e+02
   4.8235000e-02  -7.1782000e-02   2.0688640e+00   5.8394598e+02   3.2514722e+02
   9.0691000e-02   6.1508000e-02   2.3226980e+00   7.3708783e+02   6.2903839e+02
   8.6573000e-02  -5.1392000e-02   2.2309500e+00   7.4692596e+02   4.6774396e+02
  -1.0994100e-01  -1.5775900e-01   2.0982280e+00   6.1536298e+02   1.3107967e+02
   4.4076000e-02   1.2788300e-01   2.2091030e+00   5.4991309e+02   6.0188702e+02
   7.1592000e-02   7.4829000e-02   2.2705000e+00   6.6679242e+02   6.0148450e+02
   6.4311000e-02  -1.2978000e-02   2.1759820e+00   6.4804132e+02   4.6003708e+02
   6.4194000e-02  -1.2795800e-01   2.0797810e+00   6.5389716e+02   2.8210321e+02
   7.2058000e-02   2.9527000e-02   2.2180710e+00   6.5572784e+02   5.3145227e+02
   7.0834000e-02   1.0061000e-01   2.2789050e+00   6.5072125e+02   6.3108520e+02
   4.4524000e-02   3.9634000e-02   2.1411540e+00   5.5738226e+02   4.7986081e+02
   3.9283000e-02   1.5357500e-01   2.2170490e+00   5.3341504e+02   6.2595697e+02
   4.6546000e-02   8.1986000e-02   2.1763780e+00   5.5744519e+02   5.4254132e+02
   3.6880000e-02   1.8054000e-02   2.1010720e+00   5.3145001e+02   4.3021832e+02
   5.0366000e-02   1.4911400e-01   2.2444440e+00   5.6890094e+02   6.4380640e+02
   6.4278000e-02  -1.9666000e-02   2.1679210e+00   6.4554040e+02   4.4885257e+02
   2.7153000e-02  -4.5288000e-02   2.0255370e+00   5.0360007e+02   3.1292236e+02
   8.4781000e-02   2.9010000e-03   2.2601310e+00   7.2556622e+02   5.3677918e+02
   3.7715000e-02  -9.2341000e-02   2.0213250e+00   5.4706854e+02   2.6580051e+02
   2.3363000e-02  -1.9365000e-02   2.0510680e+00   5.0723035e+02   3.5164682e+02
   7.2817000e-02   5.7638000e-02   2.2657480e+00   6.7728192e+02   5.8340991e+02
   8.4701000e-02   8.4410000e-02   2.3255580e+00   7.1693964e+02   6.4743689e+02
   1.6440000e-02  -1.1550000e-01   2.0440830e+00   7.0305810e+02   3.8639664e+02
   6.8676000e-02   1.5083900e-01   2.3091920e+00   6.3784766e+02   6.9030969e+02
   8.7520000e-02   8.3328000e-02   2.3329010e+00   7.2618256e+02   6.5238684e+02
  -5.2672000e-02  -1.8535700e-01   2.1294000e+00   6.9794696e+02   1.6145819e+02
   3.3894000e-02   1.5649400e-01   2.1980010e+00   5.1026950e+02   6.1588531e+02
   5.0753000e-02  -3.7694000e-02   2.1073930e+00   5.9417493e+02   3.8659915e+02
  -3.2691000e-02  -1.9917800e-01   2.1482710e+00   7.3923059e+02   1.6756760e+02
  -9.4889000e-02  -1.5614900e-01   2.0942070e+00   6.1661938e+02   1.4124623e+02
   7.5074000e-02  -4.8139000e-02   2.1938160e+00   7.0262933e+02   4.4104932e+02
   6.9140000e-02   3.5866000e-02   2.2261570e+00   6.5423413e+02   5.4362329e+02
  -1.0340600e-01  -1.3645600e-01   2.0717750e+00   6.8068060e+02   5.7283301e+02
   5.6681000e-02  -2.7058000e-02   2.1361390e+00   6.1525781e+02   4.1822177e+02
   8.3623000e-02  -7.0156000e-02   2.2033880e+00   7.3576453e+02   4.3103000e+02
   8.1244000e-02   2.9000000e-04   2.2482740e+00   7.1480859e+02   5.2472656e+02
  -7.6620000e-02  -1.2046000e-01   2.0518680e+00   5.5101074e+02   1.6708887e+02
   4.8565000e-02  -1.8337900e-01   2.1355500e+00   7.5412878e+02   2.4114130e+02
   6.5395000e-02   1.0249800e-01   2.2561270e+00   6.2598145e+02   6.1703699e+02
   4.9602000e-02  -1.6245500e-01   2.0998640e+00   6.9994190e+02   2.4471919e+02
   6.7687000e-02   9.3047000e-02   2.2685340e+00   6.4733423e+02   6.1534412e+02
   7.5431000e-02  -7.6773000e-02   2.1555300e+00   6.9020819e+02   3.9146475e+02
   2.9610000e-02   6.1225000e-02   2.1137530e+00   5.0272958e+02   4.7555017e+02
   6.4190000e-02  -4.0787000e-02   2.1447190e+00   6.4107678e+02   4.1461560e+02
  -9.5270000e-02  -1.3587200e-01   2.0744520e+00   5.7953094e+02   1.4538521e+02
   5.1630000e-02  -2.5632000e-02   2.1137130e+00   5.9056012e+02   4.0363998e+02
   7.3864000e-02  -4.5140000e-03   2.2212670e+00   6.8990265e+02   4.9966388e+02
   7.8544000e-02   9.6958000e-02   2.3092110e+00   6.8590564e+02   6.4825714e+02
   8.5165000e-02  -4.1068000e-02   2.2363850e+00   7.4133386e+02   4.8002078e+02
  -8.7601000e-02  -1.5469000e-01   2.0929620e+00   6.1739911e+02   1.4731807e+02
   7.0863000e-02  -3.2021000e-02   2.1962210e+00   6.8814459e+02   4.5676504e+02
   6.1011000e-02   6.0256000e-02   2.2196830e+00   6.2513135e+02   5.5381207e+02
   8.5619000e-02  -7.2461000e-02   2.2073420e+00   7.4235461e+02   4.3221005e+02
   8.1111000e-02  -8.1716000e-02   2.1820750e+00   7.2409467e+02   4.0502335e+02
   5.2490000e-02  -3.1112000e-02   2.1229930e+00   6.0456964e+02   4.0401446e+02
  -5.8207000e-02  -1.2686100e-01   2.0592780e+00   5.7200738e+02   1.7790680e+02
  -7.4033000e-02  -2.0754300e-01   2.1531050e+00   7.2702222e+02   1.4028177e+02
   3.9834000e-02   8.9350000e-03   2.1050340e+00   5.4345074e+02   4.2514621e+02
   4.3142000e-02  -6.7674000e-02   2.0532670e+00   5.6125800e+02   3.1676471e+02
   6.5772000e-02  -2.9177000e-02   2.1682270e+00   6.5502704e+02   4.4040463e+02
   8.2215000e-02  -1.7463400e-01   2.1183880e+00   7.4780786e+02   2.6749722e+02
  -2.8750000e-02  -1.9317100e-01   2.1361930e+00   7.2421393e+02   1.7388997e+02
   6.5042000e-02  -1.6963000e-02   2.1711260e+00   6.4674072e+02   4.5432828e+02
   7.4723000e-02  -1.3307400e-01   2.1153580e+00   7.0167773e+02   3.0621020e+02
   7.3646000e-02   1.6395000e-02   2.2322220e+00   6.8143726e+02   5.2655756e+02
   4.1203000e-02   8.9165000e-02   2.1979070e+00   5.7103455e+02   5.5208460e+02
   7.1543000e-02   5.4250000e-02   2.2516880e+00   6.6657275e+02   5.7157874e+02
   7.2051000e-02  -1.3200700e-01   2.0906900e+00   6.7415338e+02   2.9051599e+02
   6.8390000e-02  -3.1996000e-02   2.1735220e+00   6.6421912e+02   4.4286847e+02
   6.7901000e-02  -9.6260000e-02   2.1279450e+00   6.7640015e+02   3.4815091e+02
   2.9675000e-02   2.1975100e-01   2.2395780e+00   4.9700504e+02   6.9264893e+02
   7.6388000e-02   5.6490000e-03   2.2307310e+00   6.9055762e+02   5.1728345e+02
  -5.0370000e-02   2.0836000e-01   2.2553080e+00   4.8936029e+02   6.2259320e+02
  -1.0249600e-01  -1.7221100e-01   2.1137370e+00   6.4657947e+02   1.3101494e+02
   5.4508000e-02  -4.1265000e-02   2.1156930e+00   6.0717181e+02   3.8973377e+02
   5.0170000e-02   1.8256600e-01   2.2764300e+00   5.7101379e+02   6.9093976e+02
  -4.6005000e-02  -1.1195800e-01   2.0405990e+00   5.4576190e+02   1.9172745e+02
   8.8370000e-03  -1.0031400e-01   2.0253770e+00   5.4535205e+02   2.3831537e+02
   7.9654000e-02   1.2355600e-01   2.3347000e+00   6.8976062e+02   6.8505853e+02
  -4.1995000e-02  -1.6293400e-01   2.1034990e+00   6.5763251e+02   1.7726222e+02
   3.0878000e-02   4.6799000e-02   2.1107770e+00   5.1313251e+02   4.5988983e+02
  -1.1234600e-01  -1.0403500e-01   2.1795720e+00   5.6115418e+02   2.1410100e+02
   3.5235000e-02  -1.5026300e-01   2.0858100e+00   6.6612073e+02   2.3877530e+02
   8.6765000e-02  -5.1195000e-02   2.2322730e+00   7.4921167e+02   4.6877341e+02
   8.5811000e-02  -1.3570700e-01   2.1577950e+00   7.5224976e+02   3.3725156e+02
   6.0668000e-02  -4.4210000e-03   2.1705210e+00   6.3277673e+02   4.6319397e+02
   7.9302000e-02  -1.2811300e-01   2.1347950e+00   7.1864587e+02   3.2688611e+02
   4.0338000e-02  -7.0330000e-02   2.0577700e+00   5.6693866e+02   3.1551566e+02
   1.6752000e-02   2.2254400e-01   2.2361200e+00   4.8598651e+02   6.8294202e+02
   3.9901000e-02  -6.8383000e-02   2.0324560e+00   5.3796063e+02   3.0091556e+02
  -8.0116000e-02  -2.1064700e-01   2.1609200e+00   7.3738611e+02   1.3300839e+02
  -1.6710000e-03   2.1769100e-01   2.2429970e+00   4.8879010e+02   6.6598193e+02
  -6.9472000e-02  -1.2402700e-01   2.0558040e+00   5.6241418e+02   1.7069826e+02
   7.5719000e-02  -1.0581500e-01   2.1413970e+00   7.0260480e+02   3.5276886e+02
   3.8510000e-02   2.3728000e-02   2.1047140e+00   5.3123999e+02   4.3971375e+02
  -2.9796000e-02  -1.3413900e-01   2.0677490e+00   6.0122601e+02   1.9624881e+02
   5.9544000e-02   1.2034100e-01   2.2633290e+00   6.1584485e+02   6.3244495e+02
   8.2355000e-02  -3.2710000e-02   2.2233980e+00   7.2082709e+02   4.7907150e+02
  -4.3848000e-02  -1.8098100e-01   2.1266170e+00   5.7048004e+02   1.9179611e+02
  -1.2410000e-03  -1.0645000e-01   2.0335150e+00   5.5397223e+02   2.2723347e+02
   8.3643000e-02   1.1765200e-01   2.3474080e+00   7.0823584e+02   6.8863214e+02
   6.4500000e-02  -2.4133000e-02   2.1690890e+00   6.5079810e+02   4.4513312e+02
   5.8090000e-02   4.6035000e-02   2.2028890e+00   6.1926422e+02   5.2886890e+02
   5.7448000e-02   8.5421000e-02   2.2273060e+00   6.0921668e+02   5.7937988e+02
   8.6749000e-02   1.0621000e-01   2.3770960e+00   7.4693970e+02   6.9358563e+02
   8.0933000e-02  -1.5686100e-01   2.1202630e+00   7.3186823e+02   2.8745093e+02
  -1.0711100e-01  -1.1604500e-01   2.0419180e+00   6.1584485e+02   6.3244495e+02
   4.6472000e-02   7.3645000e-02   2.1768130e+00   5.6447333e+02   5.3445654e+02
   8.5861000e-02   7.3720000e-02   2.3166330e+00   7.1849512e+02   6.3423779e+02
   8.4972000e-02  -4.9789000e-02   2.2205410e+00   7.3453882e+02   4.6235733e+02
   3.6983000e-02  -4.5930000e-03   2.0836580e+00   5.3413342e+02   3.9685855e+02
  -7.5630000e-02  -1.8173200e-01   2.1263770e+00   6.8334973e+02   1.4518810e+02
   6.7311000e-02   8.6741000e-02   2.2788210e+00   6.6241699e+02   6.1384998e+02
   7.7053000e-02  -1.5275000e-01   2.1085540e+00   7.1410706e+02   2.8236157e+02
  -1.0391900e-01  -1.5418100e-01   2.0778360e+00   5.7966162e+02   1.2916571e+02
  -1.3719400e-01   1.1210000e-01   2.2185080e+00   5.0801166e+02   3.1862463e+02
   5.8364000e-02  -1.1725000e-02   2.1520240e+00   6.1782324e+02   4.4435590e+02
   3.4464000e-02   1.3596300e-01   2.1812740e+00   5.1031485e+02   5.8860461e+02
   5.7739000e-02   1.5097000e-01   2.2826410e+00   6.0755383e+02   6.6933722e+02
   5.9414000e-02   3.7799000e-02   2.1938130e+00   6.1866272e+02   5.1710132e+02
   7.2454000e-02   6.6910000e-03   2.2155640e+00   6.7282855e+02   5.0698303e+02
   4.3819000e-02  -3.4980000e-03   2.1085410e+00   5.6171258e+02   4.1753803e+02
   3.7208000e-02   1.9016500e-01   2.2306760e+00   5.1550440e+02   6.6689130e+02
   8.5927000e-02   3.0718000e-02   2.2850120e+00   7.2553204e+02   5.7699957e+02
   6.7263000e-02   1.1430800e-01   2.2846580e+00   6.4449921e+02   6.4292291e+02
   8.2936000e-02  -1.3139900e-01   2.1481280e+00   7.3718970e+02   3.3388782e+02
   6.2462000e-02   6.3592000e-02   2.2303490e+00   6.3337384e+02   5.6335168e+02
   1.1122000e-02  -1.6415100e-01   2.1031630e+00   6.8526648e+02   2.1513675e+02
  -4.1632000e-02  -1.6408400e-01   2.1030350e+00   6.5763251e+02   1.7726222e+02
  -1.3311600e-01   9.4020000e-03   2.1967120e+00   5.8411585e+02   4.5758298e+02
   7.2045000e-02   5.9836000e-02   2.2563260e+00   6.6660303e+02   5.8194092e+02
   8.0525000e-02  -7.8294000e-02   2.1796580e+00   7.1844983e+02   4.0697272e+02
   6.9279000e-02   1.1268000e-02   2.2110840e+00   6.6335571e+02   5.0741226e+02
   4.0787000e-02  -4.0765000e-02   2.0640780e+00   5.4767181e+02   3.5041040e+02
   5.0991000e-02  -1.1832400e-01   2.0529340e+00   6.1076428e+02   2.6628217e+02
   7.2741000e-02   6.8523000e-02   2.2591190e+00   6.6210461e+02   5.9148462e+02
   4.9049000e-02   9.3118000e-02   2.2024190e+00   5.7471326e+02   5.6849664e+02
   7.5576000e-02  -1.6707000e-02   2.2120740e+00   6.9207434e+02   4.8421606e+02
  -1.2641600e-01   1.3606400e-01   2.2328970e+00   5.2972711e+02   1.8908073e+02
   8.7234000e-02  -5.1246000e-02   2.2293730e+00   7.4591486e+02   4.6706720e+02
   7.6139000e-02   4.3006000e-02   2.2627730e+00   6.8730664e+02   5.7124670e+02
   5.2505000e-02   6.2649000e-02   2.1787490e+00   5.7873993e+02   5.2906970e+02
   8.2873000e-02   1.2163200e-01   2.3408520e+00   6.9837769e+02   6.8920758e+02
   8.0716000e-02  -8.3083000e-02   2.1721870e+00   7.1540949e+02   3.9812329e+02
  -5.8401000e-02  -3.3621000e-02   2.0642450e+00   7.2312573e+02   3.5868256e+02
  -2.9621000e-02   9.9891000e-02   2.1580030e+00   5.8236945e+02   2.1017517e+02
   3.7788000e-02   1.8933200e-01   2.2334080e+00   5.1896356e+02   6.6772968e+02
   2.8145000e-02  -8.5647000e-02   2.0071640e+00   5.2104504e+02   2.5747342e+02
  -7.6220000e-02  -1.6718800e-01   2.1042310e+00   6.4613635e+02   1.4900148e+02
   4.4883000e-02   5.8324000e-02   2.1604250e+00   5.6076038e+02   5.0905185e+02
   5.3924000e-02   1.5679100e-01   2.2744640e+00   5.9372119e+02   6.6905676e+02
   4.7960000e-02   5.4277000e-02   2.1595150e+00   5.6497937e+02   5.0744687e+02
  -1.0271200e-01  -1.8389300e-01   2.1292290e+00   6.7185803e+02   1.2728323e+02
   7.4827000e-02   1.3126600e-01   2.3134790e+00   6.6094641e+02   6.7941632e+02
   7.7373000e-02  -1.3419300e-01   2.1288140e+00   7.1830310e+02   3.1442297e+02
   4.3798000e-02  -2.1720000e-03   2.1133870e+00   5.6547913e+02   4.2148978e+02
  -3.3730000e-02   2.1195700e-01   2.2505210e+00   4.8939652e+02   6.3809161e+02
  -1.1070000e-02  -1.2626500e-01   2.0570320e+00   5.9208991e+02   2.1230304e+02
   8.7773000e-02  -2.0949000e-02   2.2581550e+00   7.4609381e+02   5.1370935e+02
   5.2531000e-02   1.0659000e-02   2.1517060e+00   5.9704315e+02   4.6222852e+02
   6.2869000e-02  -1.3973200e-01   2.0788060e+00   6.6394543e+02   2.6735242e+02
   6.0460000e-02   1.1474600e-01   2.2623830e+00   6.1998706e+02   6.2721808e+02
   7.6001000e-02  -6.2675000e-02   2.1791870e+00   7.0121643e+02   4.1959976e+02
   8.1414000e-02  -4.7653000e-02   2.2128440e+00   7.2313171e+02   4.5713797e+02
   6.4310000e-02   9.6474000e-02   2.2602560e+00   6.3478162e+02   6.1243445e+02
  -7.0487000e-02  -1.3194200e-01   2.0655110e+00   5.7758185e+02   1.6716208e+02
  -7.5596000e-02   1.1168400e-01   2.1922320e+00   6.7472546e+02   6.3955512e+02
   4.9594000e-02   5.8743000e-02   2.1922760e+00   5.9499957e+02   5.2856128e+02
  -1.4092000e-02  -1.5066600e-01   2.0944540e+00   6.5207495e+02   2.0637807e+02
   4.7255000e-02   4.4038000e-02   2.1585980e+00   5.7247107e+02   4.9592273e+02
   6.9279000e-02   3.0441000e-02   2.2159180e+00   6.5131750e+02   5.2898877e+02
   6.5605000e-02  -4.2336000e-02   2.1559380e+00   6.5470569e+02   4.2002594e+02
   5.7867000e-02   7.7473000e-02   2.2252720e+00   6.1489703e+02   5.7096521e+02
  -1.1640000e-01  -1.4717000e-01   2.0823890e+00   5.8704681e+02   1.2870570e+02
  -6.9394000e-02  -1.1956200e-01   2.0502510e+00   5.5182629e+02   1.7216927e+02
   7.6530000e-02  -1.0888500e-01   2.1427200e+00   7.0728540e+02   3.5049274e+02
  -1.1654300e-01  -8.8470000e-03   2.2427190e+00   6.7882593e+02   5.2961633e+02
   7.5841000e-02   1.2387700e-01   2.3244030e+00   6.7801349e+02   6.7744556e+02
  -8.9482000e-02  -1.6139200e-01   2.1000140e+00   6.3004797e+02   1.4237157e+02
   1.5431000e-02   7.8678000e-02   2.1319880e+00   7.3175842e+02   4.4776807e+02
   3.8045000e-02   8.7196000e-02   2.1729710e+00   5.4567017e+02   5.3944543e+02
   4.7601000e-02   1.0419400e-01   2.2071270e+00   5.6937946e+02   5.8037299e+02
   8.4950000e-02   7.7049000e-02   2.3204820e+00   7.5739185e+02   2.2064880e+02
   7.9714000e-02  -1.7086700e-01   2.1143950e+00   7.3856128e+02   2.6730783e+02
   5.5815000e-02  -2.6263000e-02   2.1345150e+00   6.1370795e+02   4.1733633e+02
   7.4445000e-02  -1.2197900e-01   2.1248710e+00   7.0022986e+02   3.2447260e+02
  -8.1767000e-02  -1.9844300e-01   2.1439450e+00   7.0951270e+02   1.3514575e+02
   6.7121000e-02  -1.4080000e-02   2.1774290e+00   6.5154864e+02   4.6239865e+02
   3.2827000e-02  -2.8755000e-02   2.0510300e+00   5.1826801e+02   3.4958884e+02
   1.5037000e-02   2.2083600e-01   2.2356390e+00   4.8598651e+02   6.8294202e+02
   5.9810000e-02  -7.0110000e-02   2.1274400e+00   6.4773041e+02   3.7087283e+02
   7.8795000e-02   2.5087000e-02   2.2568280e+00   7.0046686e+02   5.5047119e+02
   5.3704000e-02   6.8598000e-02   2.2000770e+00   5.9547607e+02   5.4616907e+02
   6.8779000e-02  -3.2687000e-02   2.1776080e+00   6.6891730e+02   4.4699219e+02
   7.1737000e-02  -1.8308000e-02   2.1978200e+00   6.7739917e+02   4.7261444e+02
  -5.9249000e-02  -1.2363600e-01   2.0556550e+00   5.6570459e+02   1.7851724e+02
   3.9625000e-02   9.1729000e-02   2.1649340e+00   5.3442206e+02   5.4160071e+02
   1.7810000e-02  -1.6940300e-01   2.1093740e+00   6.9966858e+02   2.1857843e+02
  -6.2540000e-03  -9.2733000e-02   2.0158320e+00   5.2054199e+02   2.2795470e+02
   6.1828000e-02  -1.0902700e-01   2.0905600e+00   6.4710846e+02   3.0866223e+02
   3.5118000e-02  -1.7529700e-01   2.1157440e+00   7.2071118e+02   2.2892660e+02
   4.2741000e-02  -1.1152000e-01   2.0399660e+00   6.3889636e+02   2.6107452e+02
   6.3571000e-02   5.8442000e-02   2.2274540e+00   6.3564887e+02   5.5781690e+02
   5.2856000e-02   4.8108000e-02   2.1792120e+00   5.9212836e+02   5.1513733e+02
   5.6018000e-02   3.0764000e-02   2.1713300e+00   6.0110815e+02   4.9592004e+02
   5.2495000e-02  -8.7264000e-02   2.0708380e+00   6.0209058e+02   3.1290064e+02
   4.2019000e-02   6.8193000e-02   2.1495160e+00   5.4037152e+02   5.1136798e+02
   7.7854000e-02  -3.8062000e-02   2.2047200e+00   7.0471619e+02   4.6008786e+02
   7.8686000e-02   1.2574400e-01   2.3368260e+00   6.8954614e+02   6.8699768e+02
   6.7380000e-02  -7.8530000e-02   2.1346960e+00   6.6705957e+02   3.7117999e+02
  -6.9521000e-02  -1.2121100e-01   2.2578920e+00   5.5005487e+02   5.4265857e+02
   4.0751000e-02  -5.4839000e-02   2.0547640e+00   5.4999829e+02   3.3003223e+02
   4.7287000e-02   1.1036900e-01   2.1965940e+00   5.5355011e+02   5.8179773e+02
   4.4694000e-02  -1.5338300e-01   2.0895670e+00   5.4393884e+02   2.9162930e+02
   4.5662000e-02  -7.1681000e-02   2.0669610e+00   5.8059265e+02   3.2207394e+02
   4.8056000e-02   3.2335000e-02   2.1491580e+00   5.7334534e+02   4.7974603e+02
   7.4029000e-02  -2.4639000e-02   2.2028840e+00   6.0648321e+02   3.7382663e+02
   5.0495000e-02  -3.7338000e-02   2.1088370e+00   5.9417493e+02   3.8659915e+02
  -1.0832500e-01   6.0546000e-02   2.3137860e+00   6.0561517e+02   5.5066211e+02
  -9.1047000e-02   6.4860000e-03   2.1105540e+00   6.5562872e+02   5.2896967e+02
   3.2343000e-02   1.9525100e-01   2.2212670e+00   4.9909192e+02   4.9457050e+02
   4.8527000e-02   3.0237000e-02   2.1505250e+00   5.7714062e+02   4.7980835e+02
   4.6465000e-02   1.6815500e-01   2.2469910e+00   7.4761652e+02   4.5210568e+02
   7.7028000e-02  -7.9488000e-02   2.1640570e+00   7.0082159e+02   3.9261697e+02
   2.5229000e-02  -1.5375200e-01   2.0913470e+00   6.6918671e+02   2.3018088e+02
   3.4673000e-02  -1.9028400e-01   2.1469490e+00   7.6533008e+02   2.3063650e+02
   6.8073000e-02  -8.1192000e-02   2.1354200e+00   6.7031891e+02   3.6922781e+02
   7.6326000e-02  -1.2550800e-01   2.1346470e+00   7.1404199e+02   3.2725085e+02
   3.8360000e-02  -8.3188000e-02   2.0203710e+00   5.3804822e+02   2.7604047e+02
   2.1115000e-02  -1.7424100e-01   2.1106360e+00   7.0675342e+02   2.1638199e+02
  -1.0754000e-01  -3.9666000e-02   2.2546220e+00   7.7486682e+02   5.2845837e+02
  -1.4720900e-01  -7.8771000e-02   2.0795250e+00   5.3991168e+02   1.6758905e+02
   8.7429000e-02   5.5830000e-02   2.3164910e+00   7.3424701e+02   6.1791736e+02
  -6.4079000e-02   1.0544600e-01   2.1803960e+00   7.0194983e+02   5.1083817e+02
   4.9640000e-02  -3.7800000e-04   2.1277680e+00   5.8227618e+02   4.3601865e+02
   8.1490000e-02   1.8763000e-02   2.2715650e+00   7.2181610e+02   5.5486585e+02
  -9.4036000e-02   4.8322000e-02   2.3758380e+00   7.0085779e+02   5.7601996e+02
   3.7885000e-02   1.1158500e-01   2.1665890e+00   5.2073096e+02   5.6044605e+02
   3.3734000e-02   1.2646000e-01   2.1771350e+00   5.1411169e+02   5.7624658e+02
   5.8000000e-03  -4.1498000e-02   2.2923230e+00   6.6419977e+02   5.3332629e+02
  -9.8137000e-02   1.9146000e-01   2.2674210e+00   5.7912000e+02   6.9091833e+02
   5.6447000e-02  -1.3454000e-02   2.1509430e+00   6.1978479e+02   4.4038690e+02
  -3.2160000e-02  -1.8723700e-01   2.1305530e+00   7.1094043e+02   1.7731992e+02
  -8.7502000e-02  -1.4306400e-01   2.0738740e+00   5.8846551e+02   1.4842346e+02
   6.3304000e-02   2.5870000e-03   2.1830400e+00   6.4039410e+02   4.7905405e+02
   3.5905000e-02  -6.9151000e-02   2.0235190e+00   5.2759326e+02   2.9143121e+02
   7.9320000e-02  -1.1146000e-01   2.1519160e+00   7.2084644e+02   1.8647354e+02
   4.4398000e-02   3.9921000e-02   2.1438020e+00   5.6005225e+02   4.8195966e+02
   4.2771000e-02  -7.5325000e-02   2.0539260e+00   5.6867413e+02   3.1017688e+02
   7.0560000e-02   5.6798000e-02   2.2735350e+00   6.8596155e+02   5.8381580e+02
   7.3510000e-03   2.2177300e-01   2.2388240e+00   4.8511450e+02   6.7501398e+02
   4.3585000e-02   4.9160000e-02   2.1481640e+00   5.5622076e+02   4.9278308e+02
   4.4229000e-02   3.0129000e-02   2.1259500e+00   5.5070715e+02   4.6181750e+02
   2.8439000e-02  -6.1715000e-02   2.0263390e+00   5.2173901e+02   2.9488312e+02
   8.5387000e-02  -7.2133000e-02   2.2063570e+00   5.6869244e+02   4.5414615e+02
   8.3331000e-02  -1.0039700e-01   2.1941630e+00   7.5408447e+02   3.9343637e+02
   6.3356000e-02   9.3198000e-02   2.2529790e+00   6.2967157e+02   6.0362573e+02
  -2.5913000e-02   1.8163000e-01   2.2256240e+00   5.2608179e+02   1.3651738e+02
   6.2429000e-02  -8.6366000e-02   2.1109160e+00   6.4768366e+02   3.4446848e+02
   6.6408000e-02  -3.0412000e-02   2.1705640e+00   6.5864502e+02   4.4097562e+02
   3.2649000e-02  -8.9556000e-02   2.0117100e+00   5.3139368e+02   2.5951263e+02
   6.6060000e-02   1.1744200e-01   2.2811940e+00   6.3827832e+02   6.4405176e+02
   5.3328000e-02   3.3063000e-02   2.1687930e+00   5.9492517e+02   4.9476660e+02
   6.7533000e-02  -9.5856000e-02   2.1212570e+00   6.6911932e+02   3.4510651e+02
  -2.4280000e-03  -1.5287900e-01   2.0897360e+00   6.9558478e+02   5.3788348e+02
   4.3925000e-02   3.4009000e-02   2.1371720e+00   5.5828894e+02   4.7167780e+02
   3.1130000e-03  -1.9898900e-01   2.1447280e+00   7.5465387e+02   1.9629593e+02
  -1.3042600e-01  -1.1729400e-01   2.0441680e+00   5.1623499e+02   1.2725003e+02
  -6.9193000e-02   2.7266000e-02   2.3805800e+00   6.2974383e+02   5.9329273e+02
  -1.1068000e-02  -1.2559100e-01   2.0575400e+00   5.9208991e+02   2.1230304e+02
   4.2929000e-02  -4.8978000e-02   2.0670050e+00   5.5877393e+02   3.4490469e+02
  -6.4849000e-02   9.3410000e-03   2.1039050e+00   5.7188531e+02   1.7015872e+02
  -1.1682700e-01  -1.5837600e-01   2.0967600e+00   6.1083215e+02   1.2511750e+02
  -1.2118500e-01  -1.5583900e-01   2.0976320e+00   4.9909192e+02   4.9457050e+02
  -1.2365200e-01  -1.5089200e-01   2.0885980e+00   5.9300488e+02   1.2367271e+02
   5.4994000e-02  -5.7107000e-02   2.1072180e+00   6.1315851e+02   3.6866199e+02
  -1.4536900e-01   5.4886000e-02   2.1900610e+00   7.3642340e+02   5.7396594e+02
  -1.2585500e-01  -1.0070000e-01   2.1418260e+00   5.3334955e+02   3.4090561e+02
  -5.2340000e-03   2.1855000e-01   2.2417530e+00   4.8577460e+02   6.6327911e+02
  -9.4638000e-02  -1.2924200e-01   2.2478300e+00   7.5538879e+02   1.8715897e+02
  -8.8595000e-02   7.3300000e-03   2.1100520e+00   6.9311639e+02   6.7167206e+02
   2.5647000e-02  -1.4690300e-01   2.1960990e+00   5.2799487e+02   6.0886163e+02
  -1.1139000e-02   1.0322200e-01   2.1553920e+00   6.4880353e+02   5.8719434e+02
   4.8921000e-02   1.3266500e-01   2.2108590e+00   5.4704767e+02   6.1006116e+02
   6.4219000e-02   8.6219000e-02   2.2547220e+00   6.3637634e+02   6.0015436e+02
   5.2968000e-02  -2.5886000e-02   2.1297150e+00   6.0749506e+02   4.1275485e+02
  -9.1114000e-02   1.9976400e-01   2.2676740e+00   6.4730859e+02   1.1781735e+02
  -1.3858200e-01   6.3895000e-02   2.2207980e+00   6.0642273e+02   1.3868529e+02
   4.5726000e-02   1.0654000e-01   2.2013390e+00   5.4785559e+02   3.7223270e+02
   7.4041000e-02  -2.9275000e-02   2.1936720e+00   7.6958081e+02   4.5818082e+02
   7.6901000e-02   7.4398000e-02   2.2963790e+00   5.8318848e+02   2.4374573e+02
  -1.3580200e-01  -8.7255000e-02   2.1203830e+00   7.6909027e+02   5.3293945e+02
  -1.3471500e-01  -1.1573800e-01   2.0460250e+00   6.7617371e+02   3.7827289e+02
  -1.0396200e-01  -1.7651400e-01   2.1210550e+00   6.5741876e+02   1.2954572e+02
  -5.9660000e-02  -1.8862600e-01   2.1331440e+00   7.0232330e+02   1.5397235e+02
  -1.1422700e-01  -2.7905000e-02   2.0949340e+00   6.5902448e+02   2.2274777e+02
   3.7849000e-02  -3.2616000e-02   2.0613520e+00   5.3585010e+02   3.5582459e+02
  -5.9950000e-03  -1.8068600e-01   2.1235450e+00   7.1237640e+02   1.9444815e+02
   8.3245000e-02   9.8619000e-02   2.3171330e+00   6.9704040e+02   6.5760761e+02
  -1.9742000e-02   2.0635000e-01   2.2441820e+00   4.9935950e+02   2.1767993e+02
  -7.7927000e-02  -7.8982000e-02   2.0327640e+00   5.8957696e+02   2.9073187e+02
   4.9743000e-02   9.6400000e-04   2.1343060e+00   5.8675623e+02   4.4067697e+02
  -1.9301000e-02  -1.0493100e-01   2.0348600e+00   5.4580023e+02   2.1620172e+02
  -5.2560000e-02   1.8825700e-01   2.2440390e+00   7.1492304e+02   1.3455534e+02
   2.6327000e-02  -1.5911000e-02   2.0522940e+00   5.0622256e+02   3.5838870e+02
  -6.2022000e-02   1.5664100e-01   2.2260820e+00   7.7432898e+02   4.5548068e+02
  -2.1637000e-02  -1.3843700e-01   2.2217520e+00   6.5344873e+02   4.2717056e+02
   8.2494000e-02   1.1070000e-03   2.2516450e+00   7.1788355e+02   5.2814209e+02
   8.7829000e-02   5.9230000e-02   2.3226370e+00   7.3733490e+02   6.2444336e+02
   3.5018000e-02   1.1211000e-01   2.1561720e+00   5.0661408e+02   5.5377136e+02
  -1.3733800e-01   3.0001000e-02   2.1869030e+00   6.5933728e+02   3.5154697e+02
   4.3224000e-02  -4.8801000e-02   2.0667410e+00   5.5877393e+02   3.4490469e+02
  -1.2910900e-01   8.0094000e-02   2.2669830e+00   7.2872644e+02   6.9771637e+02
  -1.3460600e-01   1.8870300e-01   2.2815730e+00   7.5316833e+02   6.1147034e+02
  -1.1599200e-01  -1.4424600e-01   2.0816720e+00   5.8284338e+02   1.3155878e+02
   5.3011000e-02  -2.6629000e-02   2.1293180e+00   5.3668390e+02   5.8618329e+02
  -5.7562000e-02  -1.7650900e-01   2.2056410e+00   6.8731665e+02   4.5634027e+02
  -4.8692000e-02  -1.1234500e-01   2.0405130e+00   5.4576190e+02   1.9172745e+02
  -1.0043000e-02  -1.6723400e-01   2.1080490e+00   6.8474597e+02   1.9579748e+02
  -1.4578000e-02  -1.4184100e-01   2.2171460e+00   5.4691528e+02   5.5032434e+02
  -1.0688000e-01  -8.9150000e-03   2.2816100e+00   7.1809711e+02   1.7612077e+02
   5.5539000e-02   1.5118800e-01   2.2648620e+00   5.8895764e+02   6.5981799e+02
   4.6651000e-02   1.1842600e-01   2.2127610e+00   5.6206750e+02   5.9613348e+02
   3.0682000e-02  -1.3487000e-02   2.0549800e+00   5.0882480e+02   3.6710565e+02
  -8.5763000e-02  -1.8791200e-01   2.1299680e+00   6.8552832e+02   1.3503966e+02
   5.6432000e-02   1.4611900e-01   2.2627380e+00   7.4108014e+02   5.9004279e+02
  -3.7997000e-02  -5.0002000e-02   2.3051780e+00   6.2929150e+02   5.2396863e+02
  -3.0209000e-02  -1.3584000e-01   2.0684880e+00   5.4393884e+02   2.9162930e+02
   5.3813000e-02   5.4272000e-02   2.1873680e+00   5.9509149e+02   5.2744665e+02
   4.9639000e-02   3.4828000e-02   2.1563500e+00   7.7360669e+02   5.7663391e+02
  -5.8990000e-02   1.3525800e-01   2.2037700e+00   5.9028125e+02   1.1628597e+02
  -1.2169200e-01   1.0246100e-01   2.2064380e+00   5.1124149e+02   1.8642035e+02
  -1.4552000e-02  -1.6102900e-01   2.0966330e+00   7.2396118e+02   3.4829392e+02
  -3.9036000e-02   1.4524000e-02   2.0944230e+00   7.3168640e+02   1.6086134e+02
  -2.7655000e-02  -1.8991400e-01   2.1381920e+00   7.2421393e+02   1.7388997e+02
  -1.0795500e-01  -1.7734800e-01   2.1222200e+00   4.9942993e+02   2.4382018e+02
  -1.3325600e-01  -9.7503000e-02   2.1113850e+00   7.0098718e+02   5.7734662e+02
   4.2773000e-02  -6.3129000e-02   2.0549100e+00   5.5885327e+02   3.2235553e+02
  -1.3508500e-01   1.0529100e-01   2.2724120e+00   7.7156335e+02   4.5167365e+02
   4.0411000e-02   9.0700000e-03   2.1033110e+00   6.0809125e+02   5.9370312e+02
  -8.8494000e-02  -1.0954400e-01   2.2638560e+00   7.5645740e+02   3.5275946e+02
   1.4303000e-02  -1.4546900e-01   2.0799590e+00   5.4397815e+02   2.2641045e+02
   8.5680000e-02  -3.4723000e-02   2.2360410e+00   7.3807300e+02   4.8880463e+02
  -1.3213200e-01  -1.2592300e-01   2.1004920e+00   6.0100098e+02   2.3647864e+02
   5.3679000e-02  -1.8531000e-01   2.1259170e+00   7.0675342e+02   2.1638199e+02
  -1.2325800e-01  -1.4758600e-01   2.1350280e+00   6.2717126e+02   6.3301819e+02
  -1.0893600e-01  -6.0909000e-02   2.0589290e+00   5.9640643e+02   6.0315588e+02
   3.7750000e-02   4.7765000e-02   2.1391480e+00   5.4150647e+02   4.8207043e+02
  -1.1648600e-01   1.6317000e-01   2.2518810e+00   5.4150647e+02   4.8207043e+02
  -9.9600000e-04  -1.0746900e-01   2.0339590e+00   5.7028186e+02   5.6663434e+02
  -3.6288000e-02  -1.8082800e-01   2.1237880e+00   5.3335144e+02   5.9627814e+02
  -9.0471000e-02  -1.9444300e-01   2.1383220e+00   6.9618384e+02   1.2979262e+02
   6.3821000e-02   1.2824200e-01   2.2824700e+00   6.2912219e+02   6.5254712e+02
  -7.2394000e-02  -3.5563000e-02   2.0663870e+00   6.8164801e+02   2.2272356e+02
   5.9916000e-02   3.4601000e-02   2.1951800e+00   6.2265698e+02   5.1483087e+02
   1.2887000e-02  -1.0289500e-01   2.0280610e+00   6.4865002e+02   2.4037428e+02
   4.2256000e-02   3.0470000e-03   2.1019660e+00   6.0047259e+02   3.7516525e+02
   5.6107000e-02   1.8139200e-01   2.2863830e+00   5.8500494e+02   6.9910034e+02
   3.7124000e-02  -1.7995600e-01   2.1196680e+00   6.8252332e+02   5.6871338e+02
  -6.5739000e-02   3.0160000e-02   2.3825280e+00   5.8465271e+02   6.7438434e+02
   1.3140000e-02  -1.7915500e-01   2.1203320e+00   7.1734961e+02   1.8763898e+02
   3.2180000e-03   1.9643300e-01   2.2275390e+00   7.2477539e+02   6.6832959e+02
   5.7779000e-02   1.0058300e-01   2.2368660e+00   6.4206995e+02   1.1873888e+02
  -1.2770000e-01   1.7803600e-01   2.2829000e+00   6.1373218e+02   3.6351450e+02
   4.9458000e-02  -9.3779000e-02   2.0571250e+00   5.9199176e+02   2.9548389e+02
   4.0630000e-02   2.3325000e-02   2.1113050e+00   5.4008179e+02   4.4447296e+02
   5.6942000e-02   3.7443000e-02   2.1852190e+00   5.9957361e+02   5.2586572e+02
  -6.6594000e-02  -9.3600000e-03   2.3478860e+00   7.2171198e+02   6.2791876e+02
  -1.2267900e-01  -1.2008100e-01   2.1392290e+00   5.9537329e+02   3.9348154e+02
  -2.2566000e-02   3.6803000e-02   2.1055290e+00   6.8551648e+02   6.3591058e+02
   3.9295000e-02  -1.7801000e-01   2.1210920e+00   7.3073999e+02   2.3166019e+02
   3.6329000e-02   1.3549200e-01   2.1888680e+00   5.2011310e+02   5.9351172e+02
   2.8464000e-02  -1.2013600e-01   2.2290520e+00   5.8379858e+02   2.1080641e+02
  -1.1452800e-01   9.9937000e-02   2.1952000e+00   7.2224188e+02   5.4738086e+02
  -1.3756200e-01   9.1867000e-02   2.2472570e+00   6.7929340e+02   6.3726001e+02
  -9.6137000e-02  -1.7454600e-01   2.1924090e+00   5.4252508e+02   4.9308948e+02
   5.1220000e-03  -1.0672100e-01   2.0349040e+00   6.0028894e+02   5.7576245e+02
   4.8999000e-02   2.6046000e-02   2.1463970e+00   5.7664423e+02   4.7252185e+02
   7.5620000e-02  -2.7740000e-03   2.2283330e+00   6.9589117e+02   5.0501199e+02
   2.2399000e-02  -1.1358800e-01   2.0448570e+00   5.8403650e+02   2.4409563e+02
  -1.1468700e-01  -2.1853000e-02   2.2428180e+00   7.7245160e+02   6.2611749e+02
  -1.1642800e-01   8.9470000e-03   2.2640110e+00   6.6720044e+02   1.4058975e+02
   4.8396000e-02  -1.4300000e-03   2.1261310e+00   5.8003351e+02   4.3263376e+02
   6.1206000e-02   3.8613000e-02   2.2137270e+00   6.3905151e+02   5.2945288e+02
   5.7728000e-02   4.4409000e-02   2.1840860e+00   6.0251361e+02   5.1776483e+02
   5.9488000e-02   9.1492000e-02   2.2464370e+00   6.2202838e+02   5.9698315e+02
  -1.3484100e-01   1.0197900e-01   2.2663210e+00   7.2598358e+02   6.4608319e+02
   3.1047000e-02  -7.3012000e-02   2.2568890e+00   7.7508887e+02   2.4816518e+02
  -4.9204000e-02  -2.8671000e-02   2.2729630e+00   7.7424451e+02   5.6751300e+02
   6.6593000e-02  -1.1474800e-01   2.1029570e+00   6.6116583e+02   1.8392255e+02
   6.8008000e-02  -2.4697000e-02   2.1798680e+00   6.6409186e+02   4.5265601e+02
  -7.1697000e-02  -2.0289400e-01   2.1941750e+00   7.0038367e+02   2.0550842e+02
   7.2174000e-02   8.2013000e-02   2.2805340e+00   6.7026593e+02   6.1404138e+02
   1.2420000e-02  -1.7961700e-01   2.1206240e+00   6.0021033e+02   2.3904050e+02
   8.1921000e-02   1.0259200e-01   2.3546210e+00   7.2700708e+02   6.7583295e+02
   5.7501000e-02   4.6535000e-02   2.2041390e+00   5.8911169e+02   4.5623199e+02
  -9.8200000e-02  -4.5900000e-02   2.2818310e+00   6.2130017e+02   3.9440888e+02
  -3.8883000e-02  -1.7517500e-01   2.1171260e+00   6.9009009e+02   2.3492151e+02
   2.9355000e-02  -1.7072000e-02   2.0505960e+00   5.0613104e+02   5.0443478e+02
  -1.3566500e-01   3.9452000e-02   2.2190650e+00   6.8576099e+02   1.8982873e+02
   3.8739000e-02   1.8310800e-01   2.2377240e+00   5.2970325e+02   6.6387213e+02
  -1.4049000e-01   1.0655300e-01   2.2422670e+00   6.0900293e+02   1.4692659e+02
   4.9704000e-02   1.1096400e-01   2.2123370e+00   5.6931885e+02   5.9224292e+02
  -1.2747800e-01  -1.4532900e-01   2.0916200e+00   4.9351517e+02   5.1555908e+02
   1.6505000e-02  -6.2177000e-02   2.0129770e+00   5.0155188e+02   2.7585004e+02
  -9.0608000e-02  -2.2650000e-03   2.3479990e+00   7.7725623e+02   5.0633939e+02
   8.1604000e-02   7.8751000e-02   2.3102980e+00   7.7476440e+02   5.8137866e+02
  -3.7021000e-02   4.4836000e-02   2.1189380e+00   4.8588159e+02   5.4443158e+02
   1.6855000e-02  -8.3669000e-02   2.2473400e+00   7.5174866e+02   6.9899268e+02
  -8.3497000e-02  -2.1011300e-01   2.1729230e+00   7.4719751e+02   1.3854117e+02
   1.9511000e-02   1.0546100e-01   2.2024360e+00   5.5219373e+02   5.5469696e+02
  -1.1729000e-02  -1.9092400e-01   2.1350050e+00   6.1353119e+02   3.6004459e+02
  -8.3825000e-02  -1.5573700e-01   2.0946950e+00   6.8380866e+02   4.0964117e+02
   5.9787000e-02  -1.8482000e-02   2.1550460e+00   7.2351941e+02   6.1838831e+02
   4.3204000e-02  -4.8316000e-02   2.0837650e+00   5.7572430e+02   3.5498151e+02
   6.2021000e-02   1.7282300e-01   2.2977570e+00   4.8642554e+02   6.1943384e+02
   5.6103000e-02   5.9823000e-02   2.2025340e+00   4.8796118e+02   5.2999005e+02
  -9.1171000e-02  -6.2630000e-03   2.1016390e+00   7.1228632e+02   2.9279587e+02
  -9.4605000e-02  -1.3448700e-01   2.2275970e+00   7.6652026e+02   6.6574078e+02
  -9.5724000e-02  -3.6075000e-02   2.0757420e+00   6.6891022e+02   2.2650714e+02
   7.4464000e-02   1.4190400e-01   2.3318450e+00   4.9306143e+02   5.9220691e+02
  -9.9198000e-02   7.5046000e-02   2.3788600e+00   6.9007056e+02   6.4555493e+02
  -8.8541000e-02   1.4007600e-01   2.2212140e+00   6.8897815e+02   4.2515732e+02
  -3.2133000e-02  -6.9053000e-02   2.0212050e+00   5.7434863e+02   6.3994751e+02
  -1.3944000e-01   6.5071000e-02   2.2293490e+00   6.3862891e+02   2.1598306e+02
  -6.0500000e-04  -9.6677000e-02   2.0232090e+00   5.3667206e+02   2.2109872e+02
   1.6117000e-02  -1.1347000e-01   2.2249570e+00   5.5951544e+02   3.3381930e+02
   7.7986000e-02  -2.2909000e-02   2.2078410e+00   6.9239258e+02   4.7629269e+02
   7.9490000e-02   1.3197900e-01   2.3420470e+00   5.8355109e+02   1.2340082e+02
   7.9854000e-02   3.3212000e-02   2.2654200e+00   7.0220154e+02   5.6400324e+02
  -1.3589600e-01   3.5243000e-02   2.2077140e+00   6.6449158e+02   6.2688745e+02
   5.7562000e-02  -1.8279600e-01   2.1305790e+00   5.4393549e+02   2.5980243e+02
  -3.9456000e-02   2.0984500e-01   2.2531730e+00   7.5502734e+02   5.8335773e+02
  -1.4770000e-03  -9.8158000e-02   2.0302080e+00   6.8068060e+02   5.7283301e+02
  -4.3297000e-02   8.0408000e-02   2.4124090e+00   4.9052676e+02   5.1293726e+02
  -1.4419000e-01   1.6503500e-01   2.2750260e+00   7.0612042e+02   3.2215128e+02
   3.9464000e-02   4.1580000e-03   2.0898590e+00   5.3410809e+02   4.1285898e+02
  -1.0868900e-01   4.6775000e-02   2.3221940e+00   5.6091443e+02   1.7754724e+02
   8.5351000e-02   7.9795000e-02   2.3312990e+00   7.2598358e+02   6.4608319e+02
  -1.0944100e-01   1.1928500e-01   2.3626100e+00   6.0272620e+02   6.9513684e+02
   2.8697000e-02  -6.6794000e-02   2.2573280e+00   6.1705084e+02   1.5201178e+02
   7.6798000e-02   1.8048000e-02   2.2458580e+00   6.9558478e+02   5.3788348e+02
   6.9995000e-02  -3.3656000e-02   2.1762900e+00   6.6891730e+02   4.4699219e+02
  -5.7477000e-02  -6.9900000e-03   2.0853270e+00   6.6915735e+02   3.8116843e+02
  -4.4971000e-02  -1.2327000e-01   2.0548340e+00   6.7728192e+02   5.8340991e+02
  -4.6114000e-02  -1.9527800e-01   2.1406900e+00   6.3317981e+02   2.6091205e+02
  -1.4516400e-01   6.3422000e-02   2.1936500e+00   5.1026950e+02   6.1588531e+02
  -1.1315600e-01  -5.8913000e-02   2.2250700e+00   5.8927045e+02   5.7210938e+02
  -1.3121100e-01  -2.8297000e-02   2.0969240e+00   7.4706958e+02   2.2097647e+02
   1.8025000e-02  -1.7497900e-01   2.1159340e+00   7.3339209e+02   1.6987285e+02
   4.3626000e-02   2.4760000e-03   2.1014450e+00   5.4799597e+02   5.5492499e+02
  -1.2455300e-01   1.2949500e-01   2.3320400e+00   4.8639853e+02   2.9362872e+02
   8.0194000e-02   9.7391000e-02   2.3677640e+00   7.5539020e+02   1.4977792e+02
   1.2057000e-02  -1.8424900e-01   2.1268800e+00   7.1437549e+02   1.5155829e+02
  -5.9975000e-02   1.4488000e-01   2.2120180e+00   6.5223071e+02   2.2560817e+02
  -1.0399700e-01  -1.3753700e-01   2.0714380e+00   7.2504987e+02   1.7933874e+02
   7.7566000e-02   4.0910000e-03   2.2404960e+00   7.0211145e+02   5.2138745e+02
   7.2930000e-02  -5.0934000e-02   2.1779980e+00   6.8797144e+02   4.2868219e+02
  -6.5360000e-03  -2.4564000e-02   2.0474250e+00   5.3397675e+02   2.1305217e+02
   8.0723000e-02   2.9396000e-02   2.2554660e+00   7.3098737e+02   5.8908594e+02
